accuracy: 0.8289156626506025
hss: 0.6552692386440083
precision: 0.9095127610208816
recall: 0.7919191919191919
tss: 0.6755012814714307
