accuracy: 0.8204819277108434
hss: 0.637427072033774
precision: 0.8967889908256881
recall: 0.7898989898989899
tss: 0.6555706316900345
