accuracy: 0.8012048192771084
hss: 0.6029629200127562
precision: 0.9004854368932039
recall: 0.7494949494949495
tss: 0.6271068897934571
